0.954438 -0.0364031 0.29618 0.0321397 0.999298 0.0192524 -0.296673 -0.00885608 0.954938; -368.251 -19.7493 319.414
0.996906 -0.017292 -0.0766792 0.0179297 0.99981 0.00763545 0.0765326 -0.00898666 0.997027; -339.412 -15.9097 -315.767
0.998584 -0.019918 0.0493277 0.0191322 0.999683 0.0163528 -0.0496378 -0.0153859 0.998649; -251.939 -16.3041 27.3425
0.984062 -0.0160396 0.1771 0.0170871 0.999844 -0.0043912 -0.177002 0.00734735 0.984183; -320.401 -5.23967 14.1683
